3             // The number of test case, T = 3

7         // TC 1, N = 7

0 0 1 0 0 0 0

0 0 1 0 0 0 0

0 0 0 0 0 1 0

0 0 0 0 0 0 0

1 1 0 1 0 0 0

0 1 0 0 0 0 0

0 0 0 0 0 0 0

9         // TC 2, N = 9

0 0 0 0 0 0 0 0 0

0 0 1 0 0 0 0 0 1

1 0 0 0 0 0 0 0 0

0 0 0 1 0 0 0 0 0

0 1 0 0 0 0 0 0 0

0 0 0 0 0 0 1 0 0

0 0 0 1 0 0 0 0 0

0 0 0 0 0 0 0 1 0

0 0 0 0 0 0 0 0 1

11             // TC 3, N = 11

0 0 1 0 0 0 0 0 0 0 0

0 0 0 0 0 0 0 0 0 0 0

0 0 0 0 0 0 0 0 0 0 1

0 0 0 1 0 0 0 0 1 0 0

0 1 0 1 1 0 0 0 1 0 0

0 0 0 0 0 0 0 0 0 0 0

0 0 0 0 0 0 0 1 0 0 0

0 0 0 0 0 0 0 0 0 0 0

0 0 0 0 0 0 0 0 1 0 0

0 0 0 0 0 0 1 0 0 0 0

0 0 0 0 0 0 0 0 0 0 0

#1 12           //1st TC’s Output

#2 10           //2nd TC’s Output

#3 24           //3rd TC’s Output
